00000000000000000000000000000000
11111111111111111111001101110000
11111111111111111110011011101000
11111111111111111101101001101111
11111111111111111100111000001110
11111111111111111100000111001100
11111111111111111011010110101111
11111111111111111010100111000001
11111111111111111001111000001000
11111111111111111001001010001011
11111111111111111000011101010010
11111111111111110111110001100011
11111111111111110111000111000110
11111111111111110110011110000000
11111111111111110101110110011000
11111111111111110101010000010100
11111111111111110100101011111011
11111111111111110100001001010001
11111111111111110011101000011011
11111111111111110011001001100000
11111111111111110010101100100100
11111111111111110010010001101011
11111111111111110001111000111010
11111111111111110001100010010100
11111111111111110001001101111100
11111111111111110000111011110110
11111111111111110000101100000101
11111111111111110000011110101100
11111111111111110000010011101011
11111111111111110000001011000101
11111111111111110000000100111011
11111111111111110000000001001110
11111111111111110000000000000000
11111111111111110000000001001110
11111111111111110000000100111011
11111111111111110000001011000101
11111111111111110000010011101011
11111111111111110000011110101100
11111111111111110000101100000101
11111111111111110000111011110110
11111111111111110001001101111100
11111111111111110001100010010100
11111111111111110001111000111010
11111111111111110010010001101011
11111111111111110010101100100100
11111111111111110011001001100000
11111111111111110011101000011011
11111111111111110100001001010001
11111111111111110100101011111011
11111111111111110101010000010100
11111111111111110101110110011000
11111111111111110110011110000000
11111111111111110111000111000110
11111111111111110111110001100011
11111111111111111000011101010010
11111111111111111001001010001011
11111111111111111001111000001000
11111111111111111010100111000001
11111111111111111011010110101111
11111111111111111100000111001100
11111111111111111100111000001110
11111111111111111101101001101111
11111111111111111110011011101000
11111111111111111111001101110000