00000000000000000000000000000000
00000000000000000000110010001111
00000000000000000001100100010111
00000000000000000010010110010000
00000000000000000011000111110001
00000000000000000011111000110011
00000000000000000100101001010000
00000000000000000101011000111110
00000000000000000110000111110111
00000000000000000110110101110100
00000000000000000111100010101101
00000000000000001000001110011100
00000000000000001000111000111001
00000000000000001001100001111111
00000000000000001010001001100111
00000000000000001010101111101011
00000000000000001011010100000100
00000000000000001011110110101110
00000000000000001100010111100100
00000000000000001100110110011111
00000000000000001101010011011011
00000000000000001101101110010100
00000000000000001110000111000101
00000000000000001110011101101011
00000000000000001110110010000011
00000000000000001111000100001001
00000000000000001111010011111010
00000000000000001111100001010011
00000000000000001111101100010100
00000000000000001111110100111010
00000000000000001111111011000100
00000000000000001111111110110001
00000000000000010000000000000000
00000000000000001111111110110001
00000000000000001111111011000100
00000000000000001111110100111010
00000000000000001111101100010100
00000000000000001111100001010011
00000000000000001111010011111010
00000000000000001111000100001001
00000000000000001110110010000011
00000000000000001110011101101011
00000000000000001110000111000101
00000000000000001101101110010100
00000000000000001101010011011011
00000000000000001100110110011111
00000000000000001100010111100100
00000000000000001011110110101110
00000000000000001011010100000100
00000000000000001010101111101011
00000000000000001010001001100111
00000000000000001001100001111111
00000000000000001000111000111001
00000000000000001000001110011100
00000000000000000111100010101101
00000000000000000110110101110100
00000000000000000110000111110111
00000000000000000101011000111110
00000000000000000100101001010000
00000000000000000011111000110011
00000000000000000011000111110001
00000000000000000010010110010000
00000000000000000001100100010111
00000000000000000000110010001111